706,386,521,203,615,361,333,240,498,283,346,717,776,734,684,240,617,593,492,269,272,755,518,843,866,197,34,504,579,538,561,265,520,410,177,96,68,617,390,381,512,707,364,465,603,164,205,90,381,439,409,823,677,737,710,938,166,155,425,511,548,398,453,466,194,267,627,615
382,224,622,288,651,495,717,208,741,490,133,192,489,612,57,671,647,428,567,485,557,371,395,462,621,664,704,282,580,480,437,206,364,713,662,230,89,609,564,179,367,409,267,403,642,411,609,321,430,359,326,186,539,683,546,540,603,421,256,632,308,314,564,728,522,654,550
154,491,415,544,127,470,237,496,383,428,487,600,650,245,655,631,416,460,268,680,364,600,639,374,359,621,212,576,505,121,210,297,345,406,314,238,662,477,203,503,297,274,466,336,94,296,61,363,242,587,270,675,649,675,225,347,39,369,572,162,322,504,481,186,665,588
542,400,572,281,541,190,562,410,335,395,608,677,400,655,630,445,490,365,663,390,585,656,445,495,649,58,610,510,295,75,215,484,510,160,235,716,505,113,485,330,275,485,470,295,430,170,390,270,525,116,660,656,710,390,480,193,350,605,190,315,535,636,340,698,615
460,113,408,114,500,35,130,595,595,495,446,392,363,340,300,55,225,605,340,640,543,85,250,256,708,300,325,340,540,260,352,150,718,535,458,145,514,505,215,355,400,340,295,255,480,245,300,660,674,600,472,728,233,170,530,420,280,400,360,230,129,385,389,385
443,489,574,205,479,330,175,170,210,324,576,398,375,180,405,345,265,120,185,173,477,585,432,456,375,205,420,315,205,604,520,452,200,336,340,290,90,275,150,130,590,315,525,355,215,240,200,408,260,304,312,449,460,454,45,340,255,105,275,584,517,366,260
477,227,482,78,161,662,615,454,404,464,305,281,265,84,296,576,322,616,430,156,362,198,301,258,281,409,523,287,421,265,700,562,416,101,496,462,242,384,358,408,370,234,554,234,331,653,656,558,430,641,239,249,583,447,222,382,389,86,242,454,347,342
417,336,443,356,555,584,594,673,18,633,609,403,393,246,703,428,673,706,321,299,619,339,554,528,68,323,330,218,353,441,455,685,475,316,611,275,348,460,205,172,243,184,350,276,661,397,698,725,835,202,294,166,443,550,236,396,482,424,59,643,611
509,149,246,728,707,614,291,414,454,430,421,169,232,736,453,776,657,96,340,370,599,414,437,349,550,369,387,147,727,628,572,257,523,642,324,462,524,374,306,267,490,361,413,800,683,714,586,797,242,179,509,570,405,415,512,342,49,394,503,498
472,320,220,280,425,485,412,598,575,265,400,275,471,205,390,466,415,470,559,250,445,345,280,120,180,505,455,297,120,497,415,84,295,240,85,290,475,205,410,175,300,175,360,253,465,474,518,332,395,276,160,515,100,130,445,520,363,523,425
151,652,670,509,459,427,301,277,320,74,286,618,358,664,485,122,283,234,620,313,336,375,513,277,387,187,690,522,391,156,486,517,232,374,413,374,332,290,473,266,322,723,646,613,485,696,268,205,535,437,277,372,379,241,164,420,402,397
500,450,435,397,401,324,300,195,75,135,546,209,490,484,150,385,238,469,250,275,290,360,129,396,250,690,400,457,95,335,160,80,229,280,385,185,315,320,115,170,570,646,550,464,631,241,237,422,320,240,220,380,180,239,369,340,335
60,355,497,617,546,520,350,580,495,411,295,260,329,630,690,711,395,455,355,485,260,375,706,675,353,100,509,515,225,235,280,280,305,695,420,625,365,385,365,195,309,405,464,441,551,615,467,180,540,320,235,470,739,558,539,435
315,466,660,594,570,300,530,505,368,245,205,360,610,680,645,454,505,405,515,320,340,765,680,412,160,487,515,284,225,410,285,330,750,450,685,425,335,365,135,368,365,407,354,610,620,526,180,570,341,235,485,691,601,529,425
153,723,281,255,245,465,465,109,235,225,47,585,735,376,666,215,210,580,545,345,743,650,660,410,186,355,509,120,370,340,135,710,475,645,540,295,380,295,616,105,94,200,570,580,639,255,280,440,295,270,625,664,226,110
749,231,207,270,45,490,226,286,380,101,535,685,326,735,167,145,605,605,389,752,588,761,523,61,303,569,275,398,401,194,739,501,701,589,523,448,470,717,164,59,317,596,570,689,341,231,488,535,218,560,690,145,62
709,685,479,433,266,830,486,749,762,306,249,595,458,630,604,144,409,396,132,346,560,531,729,515,402,653,351,424,589,119,248,150,260,426,362,727,516,825,779,877,160,235,284,530,642,312,472,558,443,59,748,687
24,271,342,459,390,328,508,201,414,612,178,746,91,191,565,651,379,679,514,816,582,174,230,612,372,258,454,268,666,461,582,599,309,447,546,772,385,242,481,565,497,694,415,83,498,405,151,477,646,82,169
245,310,435,366,375,485,277,390,590,154,722,65,165,510,625,355,655,490,792,560,150,205,588,350,335,430,245,610,435,560,575,285,425,520,748,360,226,457,541,475,670,370,60,475,380,125,453,622,66,145
270,220,353,55,350,291,340,465,260,502,190,125,335,380,120,499,415,559,360,282,165,346,215,130,185,110,470,230,400,355,55,180,380,515,350,296,438,326,340,455,170,190,255,130,120,407,420,281,210
210,574,285,590,485,70,270,217,546,270,290,330,440,205,337,175,616,480,427,110,412,475,160,300,360,325,260,240,400,190,245,650,572,570,441,378,218,155,499,365,260,300,305,195,162,370,358,355
573,260,530,511,135,245,372,425,370,345,180,320,135,261,175,495,395,502,230,291,435,90,235,330,250,75,180,260,165,165,580,451,569,513,359,106,120,307,295,375,175,240,300,243,258,460,430
345,165,125,694,859,485,721,326,330,686,491,453,852,646,717,464,295,462,555,177,481,417,243,839,584,755,619,406,497,234,673,18,203,114,679,729,719,311,390,518,369,377,719,771,325,221
309,275,355,445,317,450,240,140,369,329,110,520,455,507,280,298,220,294,209,155,129,100,509,269,440,309,90,145,320,463,340,285,378,365,375,403,115,245,200,75,175,446,448,330,229
274,660,815,553,641,420,310,605,510,450,785,765,563,310,413,515,475,135,435,335,240,770,500,705,510,400,415,70,519,160,321,151,630,615,639,230,480,395,290,415,761,690,473,340
605,748,396,713,237,241,618,584,383,782,658,702,502,118,329,548,169,380,376,181,769,514,689,578,336,420,283,663,120,44,216,609,621,514,303,301,477,332,288,630,703,158,132
200,289,503,340,369,255,455,275,265,100,631,537,466,185,427,545,237,380,440,250,210,170,395,255,320,720,587,690,561,798,146,85,413,480,337,315,420,270,107,398,430,475
487,552,540,560,240,595,405,143,95,654,590,664,380,485,680,335,440,575,130,270,65,355,410,380,795,610,740,711,903,139,150,398,540,530,370,480,465,195,240,627,325
707,159,235,551,600,344,554,390,777,615,284,144,573,416,319,443,317,580,447,496,560,270,436,595,736,480,352,576,435,372,663,436,95,487,394,140,379,631,220,264
667,599,314,135,283,542,599,218,295,747,563,171,544,388,334,541,529,351,489,227,449,328,581,122,716,714,768,448,540,251,410,663,248,382,595,694,398,746,673
100,485,570,295,606,440,737,490,125,155,533,280,280,375,175,595,380,510,520,230,370,455,693,320,193,417,492,425,620,325,65,420,315,70,571,567,89,105
460,445,245,629,465,623,390,157,180,433,180,255,265,75,615,355,525,445,180,305,355,579,325,171,421,451,445,544,255,165,345,215,95,454,545,187,85
265,250,228,285,416,385,585,405,258,510,205,280,445,215,105,175,115,280,220,595,372,680,657,733,134,225,160,375,480,170,330,415,360,85,575,545
275,483,485,177,160,617,455,36,415,280,205,410,470,245,430,150,340,220,445,133,485,594,538,389,435,249,280,570,140,250,500,561,350,651,545
398,315,453,275,395,200,253,315,45,95,210,385,150,320,235,65,60,405,409,450,393,538,243,255,336,160,295,135,100,225,365,337,385,325
240,644,606,731,449,476,713,353,454,609,13,284,97,344,428,398,821,600,847,778,937,173,182,388,554,596,405,496,534,338,159,695,690
701,575,567,285,468,645,270,440,509,229,250,160,409,345,369,770,657,641,614,842,151,59,445,415,440,355,355,370,98,303,531,529
253,773,663,213,540,458,381,567,631,421,591,326,519,398,546,44,712,756,733,550,642,353,420,733,318,429,738,738,501,816,699
535,475,125,285,310,180,330,595,310,525,265,340,270,295,209,460,497,467,451,515,367,165,515,220,215,475,639,472,565,460
282,581,308,378,413,206,718,481,634,601,329,457,482,729,290,113,386,591,549,701,353,189,500,365,197,696,696,84,74
429,360,175,315,255,435,305,350,415,135,265,535,589,455,329,553,335,265,516,335,145,315,295,85,274,487,246,240
378,254,168,375,463,217,423,142,319,194,410,169,550,558,602,346,409,242,244,529,114,216,461,53,343,611,507
340,240,105,700,445,615,440,265,320,175,496,170,216,224,540,550,542,135,345,340,190,275,635,594,338,235
140,240,340,105,275,240,75,90,490,414,475,450,566,198,210,336,195,275,140,145,205,335,292,368,335
209,440,170,375,215,169,90,355,337,410,390,464,299,350,313,109,370,110,50,309,477,365,443,340
595,340,510,405,165,245,280,523,240,183,328,436,450,505,145,240,305,160,170,517,530,236,130
270,85,330,415,385,810,587,835,765,924,142,170,375,540,585,375,485,520,325,146,682,675
205,185,180,115,530,377,580,553,658,129,190,233,270,380,105,210,310,317,189,471,440
300,350,320,735,547,750,724,840,76,85,335,475,500,310,415,435,242,177,598,640
370,180,525,282,615,588,666,250,340,100,310,515,100,260,450,501,201,609,525
125,415,475,400,320,491,273,285,402,205,225,200,145,160,354,367,319,260
435,354,490,430,544,243,300,281,185,365,80,130,295,409,303,457,385
502,230,351,233,687,700,626,245,520,425,305,450,809,678,512,410
668,712,689,506,598,309,376,689,274,385,621,394,457,759,655
198,109,674,729,714,309,385,515,369,370,714,766,320,215
296,619,596,688,330,257,487,342,244,586,716,160,88
764,763,766,358,481,565,416,468,827,818,416,312
92,264,403,482,232,345,420,253,152,581,534
386,415,415,295,355,350,152,244,513,508
408,611,201,361,543,523,225,695,627
360,205,60,290,510,471,383,279
415,310,70,394,563,147,170
160,345,420,253,508,425
290,453,413,387,290
342,499,161,155
401,503,498
660,628
104